Winding Currents under Load 
Air-Gap Position (elec. degrees)
Current (A)
0	-13950.8
1	-13378.8
2	-12802.1
3	-12221.5
4	-11637.2
5	-11049.5
6	-10458.4
7	-9864.11
8	-9266.9
9	-8666.89
10	-8064.29
11	-7459.26
12	-6852
13	-6242.69
14	-5631.52
15	-5018.66
16	-4404.29
17	-3788.6
18	-3171.75
19	-2553.93
20	-1935.32
21	-1316.11
22	-696.471
23	-76.6063
24	543.293
25	1163.03
26	1782.42
27	2401.27
28	3019.39
29	3636.6
30	4252.73
31	4867.59
32	5481
33	6092.79
34	6702.78
35	7310.77
36	7916.59
37	8520.05
38	9120.96
39	9719.14
40	10314.4
41	10906.6
42	11495.4
43	12080.9
44	12662.6
45	13240.6
46	13814.6
47	14384.4
48	14949.8
49	15510.7
50	16066.9
51	16618.3
52	17164.5
53	17705.6
54	18241.3
55	18771.5
56	19295.9
57	19814.5
58	20327
59	20833.4
60	21333.4
61	21827
62	22313.9
63	22793.9
64	23267.1
65	23733.1
66	24192
67	24643.5
68	25087.4
69	25523.8
70	25952.4
71	26373.1
72	26785.9
73	27190.4
74	27586.7
75	27974.7
76	28354.1
77	28724.8
78	29086.8
79	29439.9
80	29784
81	30119
82	30444.7
83	30761.2
84	31068.2
85	31365.7
86	31653.7
87	31931.9
88	32200.4
89	32459.1
90	32707.8
91	32946.5
92	33175.1
93	33393.5
94	33601.7
95	33799.6
96	33987.2
97	34164.4
98	34331.2
99	34487.5
100	34633.3
101	34768.5
102	34893.2
103	35007.2
104	35110.6
105	35203.3
106	35285.3
107	35356.6
108	35417.1
109	35466.8
110	35505.8
111	35534
112	35551.4
113	35558
114	35553.8
115	35538.8
116	35512.9
117	35476.3
118	35428.9
119	35370.8
120	35301.8
121	35222.2
122	35131.8
123	35030.8
124	34919
125	34796.7
126	34663.7
127	34520.2
128	34366.2
129	34201.7
130	34026.7
131	33841.3
132	33645.6
133	33439.6
134	33223.4
135	32997
136	32760.5
137	32514
138	32257.5
139	31991.2
140	31715.1
141	31429.3
142	31133.9
143	30829
144	30514.7
145	30191
146	29858.2
147	29516.2
148	29165.2
149	28805.3
150	28436.6
151	28059.3
152	27673.5
153	27279.2
154	26876.7
155	26466
156	26047.3
157	25620.7
158	25186.3
159	24744.3
160	24294.8
161	23837.9
162	23373.8
163	22902.5
164	22424.3
165	21939.2
166	21447.5
167	20949.3
168	20444.7
169	19933.8
170	19417
171	18894.2
172	18365.7
173	17831.6
174	17292.1
175	16747.3
176	16197.5
177	15642.8
178	15083.3
179	14519.2
180	13950.8
181	13378.1
182	12801.4
183	12220.8
184	11636.5
185	11048.8
186	10457.7
187	9863.45
188	9266.25
189	8666.25
190	8063.65
191	7458.63
192	6851.38
193	6242.08
194	5630.91
195	5018.06
196	4403.7
197	3788.01
198	3171.17
199	2553.36
200	1934.76
201	1315.54
202	695.915
203	76.0566
204	-543.836
205	-1163.57
206	-1782.95
207	-2401.8
208	-3019.91
209	-3637.12
210	-4253.24
211	-4868.09
212	-5481.5
213	-6093.29
214	-6703.27
215	-7311.26
216	-7917.07
217	-8520.52
218	-9121.43
219	-9719.6
220	-10314.9
221	-10907
222	-11495.9
223	-12081.3
224	-12663.1
225	-13241
226	-13815
227	-14384.8
228	-14950.2
229	-15511.1
230	-16067.3
231	-16618.7
232	-17165
233	-17706
234	-18241.7
235	-18771.8
236	-19296.3
237	-19814.9
238	-20327.4
239	-20833.8
240	-21333.8
241	-21827.3
242	-22314.2
243	-22794.3
244	-23267.4
245	-23733.5
246	-24192.3
247	-24643.8
248	-25087.8
249	-25524.1
250	-25952.8
251	-26373.5
252	-26786.2
253	-27190.8
254	-27587.1
255	-27975
256	-28354.4
257	-28725.1
258	-29087.1
259	-29440.2
260	-29784.3
261	-30119.3
262	-30445
263	-30761.5
264	-31068.5
265	-31366
266	-31654
267	-31932.2
268	-32200.7
269	-32459.3
270	-32708
271	-32946.7
272	-33175.3
273	-33393.7
274	-33602
275	-33799.9
276	-33987.5
277	-34164.7
278	-34331.5
279	-34487.8
280	-34633.5
281	-34768.8
282	-34893.4
283	-35007.4
284	-35110.8
285	-35203.5
286	-35285.5
287	-35356.8
288	-35417.3
289	-35467.1
290	-35506
291	-35534.2
292	-35551.6
293	-35558.2
294	-35554
295	-35539
296	-35513.1
297	-35476.5
298	-35429.1
299	-35370.9
300	-35302
301	-35222.4
302	-35132
303	-35030.9
304	-34919.2
305	-34796.9
306	-34663.9
307	-34520.4
308	-34366.4
309	-34201.8
310	-34026.9
311	-33841.5
312	-33645.8
313	-33439.8
314	-33223.6
315	-32997.1
316	-32760.6
317	-32514.1
318	-32257.6
319	-31991.3
320	-31715.2
321	-31429.4
322	-31134
323	-30829.1
324	-30514.8
325	-30191.1
326	-29858.3
327	-29516.3
328	-29165.3
329	-28805.4
330	-28436.8
331	-28059.5
332	-27673.6
333	-27279.4
334	-26876.8
335	-26466.1
336	-26047.4
337	-25620.8
338	-25186.5
339	-24744.4
340	-24294.9
341	-23838
342	-23373.9
343	-22902.6
344	-22424.4
345	-21939.3
346	-21447.6
347	-20949.4
348	-20444.8
349	-19933.9
350	-19417.1
351	-18894.3
352	-18365.8
353	-17831.7
354	-17292.2
355	-16747.4
356	-16197.6
357	-15642.9
358	-15083.4
359	-14519.3
360	-13950.8
Phase Current ia
0	-49252.9
1	-48600.9
2	-47933.8
3	-47252.2
4	-46556.2
5	-45846.1
6	-45122
7	-44384.3
8	-43633
9	-42868.5
10	-42090.9
11	-41300.6
12	-40497.6
13	-39682.3
14	-38854.9
15	-38015.6
16	-37164.7
17	-36302.5
18	-35429.2
19	-34545.1
20	-33650.3
21	-32745.3
22	-31830.3
23	-30905.5
24	-29971.3
25	-29028
26	-28075.7
27	-27114.9
28	-26145.8
29	-25168.7
30	-24183.9
31	-23191.7
32	-22192.5
33	-21186.4
34	-20173.9
35	-19155.2
36	-18130.7
37	-17100.6
38	-16065.4
39	-15025.2
40	-13980.4
41	-12931.3
42	-11878.3
43	-10821.6
44	-9761.63
45	-8698.62
46	-7632.94
47	-6564.9
48	-5494.85
49	-4423.11
50	-3350.02
51	-2275.92
52	-1201.12
53	-125.972
54	949.214
55	2024.11
56	3098.38
57	4171.7
58	5243.75
59	6314.18
60	7382.66
61	8448.87
62	9512.47
63	10573.1
64	11630.5
65	12684.4
66	13734.3
67	14780
68	15821.2
69	16857.5
70	17888.8
71	18914.5
72	19934.5
73	20948.3
74	21955.8
75	22956.6
76	23950.3
77	24936.8
78	25915.6
79	26886.5
80	27849.2
81	28803.4
82	29748.8
83	30685.1
84	31612
85	32529.3
86	33436.6
87	34333.7
88	35220.3
89	36096.2
90	36961
91	37814.5
92	38656.5
93	39486.8
94	40305
95	41110.9
96	41904.3
97	42684.9
98	43452.6
99	44207.1
100	44948.1
101	45675.5
102	46389
103	47088.5
104	47773.7
105	48444.3
106	49100.3
107	49741.3
108	50367.3
109	50978
110	51573.2
111	52152.7
112	52716.3
113	53264
114	53795.5
115	54310.6
116	54809.2
117	55291.2
118	55756.3
119	56204.5
120	56635.6
121	57049.5
122	57446
123	57825
124	58186.4
125	58530.2
126	58856
127	59164
128	59453.9
129	59725.8
130	59979.4
131	60214.8
132	60431.8
133	60630.4
134	60810.4
135	60972
136	61114.8
137	61239.1
138	61344.6
139	61431.3
140	61499.3
141	61548.5
142	61578.9
143	61590.4
144	61583.1
145	61557
146	61512.1
147	61448.4
148	61365.9
149	61264.6
150	61144.7
151	61006
152	60848.8
153	60673
154	60478.6
155	60265.9
156	60034.8
157	59785.4
158	59517.8
159	59232.1
160	58928.3
161	58606.7
162	58267.2
163	57909.9
164	57535.1
165	57142.7
166	56733
167	56306
168	55862
169	55400.9
170	54923
171	54428.4
172	53917.3
173	53389.8
174	52846.1
175	52286.3
176	51710.6
177	51119.3
178	50512.4
179	49890.2
180	49252.8
181	48600.4
182	47933.4
183	47251.7
184	46555.7
185	45845.6
186	45121.6
187	44383.8
188	43632.6
189	42868.1
190	42090.5
191	41300.1
192	40497.2
193	39681.9
194	38854.5
195	38015.2
196	37164.3
197	36302.1
198	35428.8
199	34544.7
200	33649.9
201	32744.9
202	31829.9
203	30905.2
204	29970.9
205	29027.6
206	28075.3
207	27114.5
208	26145.4
209	25168.3
210	24183.5
211	23191.3
212	22192.1
213	21186.1
214	20173.5
215	19154.9
216	18130.3
217	17100.3
218	16065
219	15024.8
220	13980
221	12931
222	11878
223	10821.3
224	9761.3
225	8698.29
226	7632.6
227	6564.57
228	5494.52
229	4422.78
230	3349.7
231	2275.6
232	1200.81
233	125.655
234	-949.529
235	-2024.42
236	-3098.69
237	-4172.01
238	-5244.05
239	-6314.48
240	-7382.96
241	-8449.17
242	-9512.76
243	-10573.4
244	-11630.8
245	-12684.6
246	-13734.6
247	-14780.3
248	-15821.5
249	-16857.8
250	-17889
251	-18914.8
252	-19934.7
253	-20948.6
254	-21956.1
255	-22956.9
256	-23950.6
257	-24937.1
258	-25915.9
259	-26886.8
260	-27849.5
261	-28803.7
262	-29749
263	-30685.4
264	-31612.3
265	-32529.5
266	-33436.9
267	-34334
268	-35220.6
269	-36096.4
270	-36961.2
271	-37814.8
272	-38656.8
273	-39487
274	-40305.2
275	-41111.1
276	-41904.5
277	-42685.2
278	-43452.8
279	-44207.3
280	-44948.3
281	-45675.7
282	-46389.3
283	-47088.7
284	-47773.9
285	-48444.5
286	-49100.5
287	-49741.5
288	-50367.5
289	-50978.2
290	-51573.3
291	-52152.9
292	-52716.5
293	-53264.2
294	-53795.7
295	-54310.8
296	-54809.4
297	-55291.3
298	-55756.5
299	-56204.7
300	-56635.8
301	-57049.7
302	-57446.2
303	-57825.2
304	-58186.6
305	-58530.3
306	-58856.2
307	-59164.2
308	-59454.1
309	-59725.9
310	-59979.6
311	-60214.9
312	-60431.9
313	-60630.5
314	-60810.6
315	-60972.1
316	-61115
317	-61239.2
318	-61344.7
319	-61431.5
320	-61499.5
321	-61548.6
322	-61579
323	-61590.5
324	-61583.3
325	-61557.1
326	-61512.2
327	-61448.5
328	-61366
329	-61264.7
330	-61144.8
331	-61006.1
332	-60848.9
333	-60673.1
334	-60478.8
335	-60266
336	-60034.9
337	-59785.5
338	-59517.9
339	-59232.2
340	-58928.4
341	-58606.8
342	-58267.3
343	-57910
344	-57535.2
345	-57142.8
346	-56733.1
347	-56306.1
348	-55862.1
349	-55401
350	-54923.1
351	-54428.5
352	-53917.4
353	-53389.9
354	-52846.2
355	-52286.4
356	-51710.7
357	-51119.4
358	-50512.5
359	-49890.2
360	-49252.9
Line Current iac
0	-7382.91
1	-8447.65
2	-9511.26
3	-10571.9
4	-11629.4
5	-12683.2
6	-13733.1
7	-14778.9
8	-15820.1
9	-16856.4
10	-17887.7
11	-18913.4
12	-19933.4
13	-20947.3
14	-21954.8
15	-22955.6
16	-23949.3
17	-24935.8
18	-25914.6
19	-26885.5
20	-27848.2
21	-28802.5
22	-29747.9
23	-30684.2
24	-31611.1
25	-32528.4
26	-33435.7
27	-34332.8
28	-35219.5
29	-36095.3
30	-36960.1
31	-37813.7
32	-38655.7
33	-39485.9
34	-40304.1
35	-41110.1
36	-41903.5
37	-42684.2
38	-43451.8
39	-44206.3
40	-44947.4
41	-45674.8
42	-46388.3
43	-47087.8
44	-47772.9
45	-48443.6
46	-49099.6
47	-49740.7
48	-50366.6
49	-50977.3
50	-51572.5
51	-52152
52	-52715.7
53	-53263.4
54	-53794.8
55	-54310
56	-54808.6
57	-55290.6
58	-55755.7
59	-56203.9
60	-56635
61	-57048.9
62	-57445.4
63	-57824.5
64	-58185.9
65	-58529.6
66	-58855.5
67	-59163.5
68	-59453.4
69	-59725.3
70	-59978.9
71	-60214.3
72	-60431.3
73	-60629.9
74	-60809.9
75	-60971.5
76	-61114.4
77	-61238.6
78	-61344.1
79	-61430.9
80	-61498.9
81	-61548.1
82	-61578.4
83	-61590
84	-61582.7
85	-61556.6
86	-61511.7
87	-61448
88	-61365.5
89	-61264.2
90	-61144.3
91	-61005.6
92	-60848.4
93	-60672.6
94	-60478.3
95	-60265.5
96	-60034.4
97	-59785
98	-59517.4
99	-59231.7
100	-58928
101	-58606.3
102	-58266.8
103	-57909.6
104	-57534.8
105	-57142.4
106	-56732.7
107	-56305.7
108	-55861.6
109	-55400.6
110	-54922.7
111	-54428.1
112	-53917
113	-53389.5
114	-52845.8
115	-52286
116	-51710.4
117	-51119
118	-50512.1
119	-49889.9
120	-49252.5
121	-48600.2
122	-47933.1
123	-47251.5
124	-46555.5
125	-45845.4
126	-45121.3
127	-44383.6
128	-43632.4
129	-42867.8
130	-42090.3
131	-41299.9
132	-40496.9
133	-39681.6
134	-38854.2
135	-38015
136	-37164.1
137	-36301.9
138	-35428.6
139	-34544.5
140	-33649.7
141	-32744.7
142	-31829.7
143	-30905
144	-29970.8
145	-29027.4
146	-28075.1
147	-27114.3
148	-26145.2
149	-25168.1
150	-24183.3
151	-23191.2
152	-22191.9
153	-21185.9
154	-20173.4
155	-19154.7
156	-18130.2
157	-17100.1
158	-16064.9
159	-15024.7
160	-13979.9
161	-12930.8
162	-11877.8
163	-10821.2
164	-9761.16
165	-8698.15
166	-7632.47
167	-6564.44
168	-5494.39
169	-4422.66
170	-3349.57
171	-2275.47
172	-1200.68
173	-125.535
174	949.647
175	2024.54
176	3098.81
177	4172.13
178	5244.17
179	6314.59
180	7383.07
181	8449.28
182	9512.87
183	10573.5
184	11630.9
185	12684.7
186	13734.7
187	14780.4
188	15821.6
189	16857.9
190	17889.1
191	18914.9
192	19934.8
193	20948.7
194	21956.2
195	22957
196	23950.7
197	24937.1
198	25916
199	26886.9
200	27849.6
201	28803.7
202	29749.1
203	30685.4
204	31612.4
205	32529.6
206	33436.9
207	34334
208	35220.6
209	36096.5
210	36961.3
211	37814.8
212	38656.8
213	39487.1
214	40305.3
215	41111.2
216	41904.6
217	42685.2
218	43452.9
219	44207.4
220	44948.4
221	45675.8
222	46389.3
223	47088.8
224	47773.9
225	48444.6
226	49100.5
227	49741.6
228	50367.6
229	50978.2
230	51573.4
231	52152.9
232	52716.6
233	53264.2
234	53795.7
235	54310.8
236	54809.4
237	55291.4
238	55756.5
239	56204.7
240	56635.8
241	57049.7
242	57446.2
243	57825.2
244	58186.7
245	58530.4
246	58856.2
247	59164.2
248	59454.2
249	59726
250	59979.6
251	60215
252	60432
253	60630.6
254	60810.6
255	60972.1
256	61115
257	61239.2
258	61344.8
259	61431.5
260	61499.5
261	61548.7
262	61579
263	61590.6
264	61583.3
265	61557.2
266	61512.3
267	61448.5
268	61366
269	61264.8
270	61144.8
271	61006.2
272	60848.9
273	60673.1
274	60478.8
275	60266
276	60034.9
277	59785.5
278	59517.9
279	59232.2
280	58928.5
281	58606.8
282	58267.3
283	57910.1
284	57535.2
285	57142.9
286	56733.1
287	56306.2
288	55862.1
289	55401
290	54923.1
291	54428.5
292	53917.4
293	53389.9
294	52846.2
295	52286.4
296	51710.7
297	51119.4
298	50512.5
299	49890.3
300	49252.9
301	48600.5
302	47933.5
303	47251.8
304	46555.8
305	45845.7
306	45121.7
307	44383.9
308	43632.7
309	42868.2
310	42090.6
311	41300.2
312	40497.2
313	39681.9
314	38854.5
315	38015.3
316	37164.4
317	36302.2
318	35428.9
319	34544.7
320	33650
321	32745
322	31830
323	30905.2
324	29971
325	29027.6
326	28075.4
327	27114.6
328	26145.5
329	25168.4
330	24183.6
331	23191.4
332	22192.2
333	21186.1
334	20173.6
335	19154.9
336	18130.4
337	17100.4
338	16065.1
339	15024.9
340	13980.1
341	12931.1
342	11878
343	10821.4
344	9761.36
345	8698.35
346	7632.66
347	6564.63
348	5494.58
349	4422.84
350	3349.76
351	2275.65
352	1200.86
353	125.711
354	-949.473
355	-2024.37
356	-3098.64
357	-4171.96
358	-5244
359	-6314.43
360	-7382.91
Line Current iba
0	56635.8
1	57048.6
2	57445.1
3	57824.1
4	58185.6
5	58529.3
6	58855.2
7	59163.2
8	59453.1
9	59725
10	59978.6
11	60214
12	60431
13	60629.6
14	60809.7
15	60971.2
16	61114.1
17	61238.3
18	61343.8
19	61430.6
20	61498.6
21	61547.8
22	61578.2
23	61589.7
24	61582.4
25	61556.3
26	61511.4
27	61447.7
28	61365.2
29	61264
30	61144
31	61005.4
32	60848.2
33	60672.4
34	60478
35	60265.3
36	60034.2
37	59784.8
38	59517.2
39	59231.5
40	58927.8
41	58606.1
42	58266.6
43	57909.4
44	57534.6
45	57142.2
46	56732.5
47	56305.6
48	55861.5
49	55400.4
50	54922.5
51	54427.9
52	53916.8
53	53389.3
54	52845.6
55	52285.9
56	51710.2
57	51118.8
58	50512
59	49889.7
60	49252.4
61	48600
62	47933
63	47251.3
64	46555.4
65	45845.2
66	45121.2
67	44383.5
68	43632.2
69	42867.7
70	42090.2
71	41299.8
72	40496.8
73	39681.5
74	38854.1
75	38014.9
76	37164
77	36301.8
78	35428.5
79	34544.4
80	33649.7
81	32744.7
82	31829.6
83	30904.9
84	29970.7
85	29027.3
86	28075.1
87	27114.2
88	26145.1
89	25168
90	24183.3
91	23191.1
92	22191.9
93	21185.8
94	20173.3
95	19154.6
96	18130.1
97	17100.1
98	16064.8
99	15024.6
100	13979.8
101	12930.8
102	11877.8
103	10821.1
104	9761.11
105	8698.1
106	7632.42
107	6564.39
108	5494.34
109	4422.61
110	3349.53
111	2275.43
112	1200.64
113	125.495
114	-949.686
115	-2024.57
116	-3098.84
117	-4172.16
118	-5244.2
119	-6314.63
120	-7383.11
121	-8449.31
122	-9512.9
123	-10573.6
124	-11631
125	-12684.8
126	-13734.7
127	-14780.4
128	-15821.6
129	-16858
130	-17889.2
131	-18914.9
132	-19934.9
133	-20948.7
134	-21956.2
135	-22957
136	-23950.7
137	-24937.2
138	-25916
139	-26886.9
140	-27849.6
141	-28803.8
142	-29749.1
143	-30685.4
144	-31612.4
145	-32529.6
146	-33437
147	-34334
148	-35220.6
149	-36096.5
150	-36961.3
151	-37814.8
152	-38656.9
153	-39487.1
154	-40305.3
155	-41111.2
156	-41904.6
157	-42685.2
158	-43452.9
159	-44207.4
160	-44948.4
161	-45675.8
162	-46389.3
163	-47088.8
164	-47773.9
165	-48444.6
166	-49100.5
167	-49741.6
168	-50367.6
169	-50978.2
170	-51573.4
171	-52152.9
172	-52716.6
173	-53264.2
174	-53795.7
175	-54310.8
176	-54809.4
177	-55291.4
178	-55756.5
179	-56204.7
180	-56635.8
181	-57049.7
182	-57446.2
183	-57825.2
184	-58186.7
185	-58530.4
186	-58856.3
187	-59164.2
188	-59454.2
189	-59726
190	-59979.6
191	-60215
192	-60432
193	-60630.6
194	-60810.6
195	-60972.1
196	-61115
197	-61239.2
198	-61344.8
199	-61431.5
200	-61499.5
201	-61548.7
202	-61579
203	-61590.6
204	-61583.3
205	-61557.2
206	-61512.3
207	-61448.5
208	-61366
209	-61264.8
210	-61144.8
211	-61006.2
212	-60848.9
213	-60673.1
214	-60478.8
215	-60266
216	-60034.9
217	-59785.5
218	-59517.9
219	-59232.2
220	-58928.5
221	-58606.8
222	-58267.3
223	-57910.1
224	-57535.2
225	-57142.9
226	-56733.1
227	-56306.2
228	-55862.1
229	-55401
230	-54923.1
231	-54428.5
232	-53917.4
233	-53389.9
234	-52846.2
235	-52286.4
236	-51710.7
237	-51119.4
238	-50512.5
239	-49890.3
240	-49252.9
241	-48600.5
242	-47933.5
243	-47251.8
244	-46555.8
245	-45845.7
246	-45121.7
247	-44383.9
248	-43632.7
249	-42868.2
250	-42090.6
251	-41300.2
252	-40497.2
253	-39681.9
254	-38854.5
255	-38015.3
256	-37164.4
257	-36302.2
258	-35428.9
259	-34544.7
260	-33650
261	-32745
262	-31830
263	-30905.2
264	-29971
265	-29027.6
266	-28075.4
267	-27114.6
268	-26145.5
269	-25168.4
270	-24183.6
271	-23191.4
272	-22192.2
273	-21186.1
274	-20173.6
275	-19154.9
276	-18130.4
277	-17100.4
278	-16065.1
279	-15024.9
280	-13980.1
281	-12931.1
282	-11878
283	-10821.4
284	-9761.36
285	-8698.35
286	-7632.66
287	-6564.63
288	-5494.58
289	-4422.84
290	-3349.75
291	-2275.65
292	-1200.86
293	-125.709
294	949.476
295	2024.37
296	3098.64
297	4171.96
298	5244
299	6314.43
300	7382.92
301	8449.12
302	9512.72
303	10573.4
304	11630.8
305	12684.6
306	13734.5
307	14780.2
308	15821.4
309	16857.8
310	17889
311	18914.7
312	19934.7
313	20948.6
314	21956.1
315	22956.8
316	23950.6
317	24937
318	25915.8
319	26886.7
320	27849.4
321	28803.6
322	29749
323	30685.3
324	31612.2
325	32529.5
326	33436.8
327	34333.9
328	35220.5
329	36096.4
330	36961.2
331	37814.7
332	38656.7
333	39487
334	40305.1
335	41111.1
336	41904.5
337	42685.1
338	43452.8
339	44207.3
340	44948.3
341	45675.7
342	46389.2
343	47088.7
344	47773.8
345	48444.5
346	49100.5
347	49741.5
348	50367.5
349	50978.1
350	51573.3
351	52152.8
352	52716.5
353	53264.2
354	53795.6
355	54310.7
356	54809.4
357	55291.3
358	55756.5
359	56204.7
360	56635.8
Line Current icb
