PhaseC
  7 10
  0.0991
  0  52.9962  31102.3  0.015672  15.0659  718125  0  
  0.0992
  0  55.5551  34217.3  0.0171003  14.2829  869173  0  
  0.0993
  0  57.8948  37112.6  0.0184547  13.5444  1.02248e+06  0  
  0.0994
  0  60.0061  39873  0.0197247  12.7  1.18024e+06  0  
  0.0995
  0  61.8805  42530.2  0.0208974  11.7268  1.34279e+06  0  
  0.0996
  0  63.5107  45033.9  0.0219681  10.7073  1.50554e+06  0  
  0.0997
  0  64.8902  47297.3  0.0229429  9.74773  1.66069e+06  0  
  0.0998
  0  66.0137  49326.9  0.0238226  8.79698  1.80626e+06  0  
  0.0999
  0  66.8766  51148  0.0246039  7.81337  1.9421e+06  0  
  0.1
  0  67.4756  52743.7  0.0252869  6.82964  2.06517e+06  0  
