PhaseA
  7 10
  0.0991
  0  -63.2344  -57127.4  -0.02725  0.623786  2.42272e+06  0  
  0.0992
  0  -61.5596  -56704  -0.0270887  1.61305  2.38694e+06  0  
  0.0993
  0  -59.6418  -56023.1  -0.0268353  2.53405  2.32996e+06  0  
  0.0994
  0  -57.4886  -55123.9  -0.026489  3.4632  2.25576e+06  0  
  0.0995
  0  -55.1086  -53984.5  -0.0260547  4.34268  2.16348e+06  0  
  0.0996
  0  -52.511  -52588.1  -0.02554  5.14654  2.053e+06  0  
  0.0997
  0  -49.7063  -50996.6  -0.0249433  5.96719  1.93062e+06  0  
  0.0998
  0  -46.7053  -49232.4  -0.024263  6.80326  1.79936e+06  0  
  0.0999
  0  -43.5201  -47303.1  -0.0234984  7.64572  1.66109e+06  0  
  0.1
  0  -40.163  -45222.6  -0.0226483  8.50078  1.51819e+06  0  
