PhaseB
  7 10
  0.0991
  0  10.2383  24730.2  0.0134041  -14.3716  454014  0  
  0.0992
  0  6.00447  21467.9  0.0119186  -14.8549  342133  0  
  0.0993
  0  1.74696  18164.3  0.0103842  -15.3446  244935  0  
  0.0994
  0  -2.51744  14756.9  0.00881351  -15.7068  161662  0  
  0.0995
  0  -6.7719  11253.5  0.00721733  -15.9618  94014.1  0  
  0.0996
  0  -10.9996  7935.53  0.00556502  -16.5231  46748.4  0  
  0.0997
  0  -15.184  5038.24  0.00380283  -17.6219  18844  0  
  0.0998
  0  -19.3084  2199.74  0.00194404  -18.5879  3592.18  0  
  0.0999
  0  -23.3566  -752.844  1.54393e-05  -19.286  420.75  0  
  0.1
  0  -27.3126  -3760.8  -0.00197068  -19.8612  10499.7  0  
